ERROR LOG 

 _____________________________________________ 
parameters: [4.591338664589943, 8.477209855592367, 18.746672472850115, 2.677634979307596, 9.873859126004158, 6.3740103148626694, 7.116983266184669, 11.984887015713944, -0.7653130271113691, 0.791127543499996, -6.144306514477608, 8.35905452201464, 23.896356093829407, 12.768250006272478, 4.581758008018689, 17.48080179755444, 15.849698798873229, -7.892951706284745, -37.920564120777456, 27.643205326591946, 0.768073692138228, 0.5489958934091752, 22.290196482204614, 28.17143103491962, 3.5839054957222336, 1.0787179449545494, 0.811506060969055, 1.272523051375647, 0.728401134008053, -39.9454525952025, 46.99390016645727]; 
 
error: not convergent; 
 
 
 _____________________________________________ 
parameters: [11.544726432111492, 11.556674786588621, 18.267136788027223, 2.112046159916272, 9.274661731915607, 9.855217760381128, 7.948008758665333, 2.290687597714723, -0.16586234905854558, 0.6809430542232835, -9.718562607693286, 9.2066301437364, 21.023441143850214, 2.803233754273979, 17.060356477576317, 21.999018280190086, -5.655875429819012, 11.12207684626151, 83.64281846307215, 34.272878090819304, 0.6027632610689797, 0.5716448867576533, 24.78674717168604, 20.14834975066003, 10.353654931401291, 0.5509283147452781, 1.4922036020630924, 1.0878413106098217, 0.749455465190958, 15.182340165033253, 48.65395649604744]; 
 
error: not convergent; 
 
 
 _____________________________________________ 
parameters: [6.021846855575572, 12.793925875708975, 11.559409931312167, 2.1957973875671666, 4.536443856054746, 7.578548347595146, 5.659653285005577, 9.684221070227572, -0.7300376138933307, 0.7473669730780407, -9.51991885071198, 14.225386353871324, 20.636249218091177, 15.459438299643343, 17.198226493000462, 19.29513017192894, -5.276228111903606, -8.999388698667286, 67.36834447972421, 55.44099058950065, 0.7243427016299278, 0.5410752199150977, 15.661465469325066, 22.349536237252117, 10.434861670487745, 0.5620080998667368, 1.4917667158711514, 0.821823248126862, 1.0586228703509135, 3.7591924226510685, 53.889618690547046]; 
 
error: not convergent; 
 
 
 _____________________________________________ 
parameters: [8.927276143972238, 6.1703415357988405, 9.065013330688526, 18.398151698751185, 14.728268573552368, 5.530503663486812, 2.2358399605678443, 10.817572289860841, -0.17050811601282956, 0.88182136617442, -7.202189827653128, 26.303118503583768, 10.799050441475337, 2.9571956110633524, 1.0874481521901522, 18.831612667590015, 6.724312422385566, -17.13835594619319, -234.64540090858438, 56.43890326253084, 0.8059236437474923, 0.5560406786777712, 18.418418361701224, 25.504526346259535, 24.175243129572905, 0.696571404774773, 1.1864290831922137, 0.785379924684199, 0.6469221698589536, -9.947395273786071, 72.72483851517737]; 
 
error: not convergent; 
 
 
 _____________________________________________ 
parameters: [7.217098385709712, 10.919247921744057, 13.574320990495718, 9.275726032950821, 4.11305644052444, 3.72280573002341, 1.9187561698259081, 12.467478291095045, -0.9131450349337465, 0.6837011429685274, -6.25494202433674, 7.593786725962718, 14.53387078388553, 15.706367998443952, 11.736137841911445, 21.657271333980873, -8.228753735024409, -7.146407463646728, 20.34999980959435, 48.370035078702585, 0.6457253822149862, 0.5818334918404732, 6.02002119664576, 27.444348172661364, 11.34709367513327, 1.0339758034181654, 1.0176319253536061, 0.7403013188943149, 0.9308938523797102, -202.3068405494898, 6.376928917738064]; 
 
error: not convergent; 
 
 